[[100, 1]]
[[50, 2]]
[[40, 1], [60, 1]]
[[30, 1], [70, 1]]
[[30, 2], [40, 1]]
[[20, 1], [80, 1]]
[[20, 1], [40, 2]]
[[20, 1], [30, 1], [50, 1]]
[[20, 2], [60, 1]]
[[20, 2], [30, 2]]
[[20, 3], [40, 1]]
[[20, 5]]
[[10, 1], [90, 1]]
[[10, 1], [40, 1], [50, 1]]
[[10, 1], [30, 1], [60, 1]]
[[10, 1], [30, 3]]
[[10, 1], [20, 1], [70, 1]]
[[10, 1], [20, 1], [30, 1], [40, 1]]
[[10, 1], [20, 2], [50, 1]]
[[10, 1], [20, 3], [30, 1]]
[[10, 2], [80, 1]]
[[10, 2], [40, 2]]
[[10, 2], [30, 1], [50, 1]]
[[10, 2], [20, 1], [60, 1]]
[[10, 2], [20, 1], [30, 2]]
[[10, 2], [20, 2], [40, 1]]
[[10, 2], [20, 4]]
[[10, 3], [70, 1]]
[[10, 3], [30, 1], [40, 1]]
[[10, 3], [20, 1], [50, 1]]
[[10, 3], [20, 2], [30, 1]]
[[10, 4], [60, 1]]
[[10, 4], [30, 2]]
[[10, 4], [20, 1], [40, 1]]
[[10, 4], [20, 3]]
[[10, 5], [50, 1]]
[[10, 5], [20, 1], [30, 1]]
[[10, 6], [40, 1]]
[[10, 6], [20, 2]]
[[10, 7], [30, 1]]
[[10, 8], [20, 1]]
[[10, 10]]
[[1, 10], [90, 1]]
[[1, 10], [40, 1], [50, 1]]
[[1, 10], [30, 1], [60, 1]]
[[1, 10], [30, 3]]
[[1, 10], [20, 1], [70, 1]]
[[1, 10], [20, 1], [30, 1], [40, 1]]
[[1, 10], [20, 2], [50, 1]]
[[1, 10], [20, 3], [30, 1]]
[[1, 10], [10, 1], [80, 1]]
[[1, 10], [10, 1], [40, 2]]
[[1, 10], [10, 1], [30, 1], [50, 1]]
[[1, 10], [10, 1], [20, 1], [60, 1]]
[[1, 10], [10, 1], [20, 1], [30, 2]]
[[1, 10], [10, 1], [20, 2], [40, 1]]
[[1, 10], [10, 1], [20, 4]]
[[1, 10], [10, 2], [70, 1]]
[[1, 10], [10, 2], [30, 1], [40, 1]]
[[1, 10], [10, 2], [20, 1], [50, 1]]
[[1, 10], [10, 2], [20, 2], [30, 1]]
[[1, 10], [10, 3], [60, 1]]
[[1, 10], [10, 3], [30, 2]]
[[1, 10], [10, 3], [20, 1], [40, 1]]
[[1, 10], [10, 3], [20, 3]]
[[1, 10], [10, 4], [50, 1]]
[[1, 10], [10, 4], [20, 1], [30, 1]]
[[1, 10], [10, 5], [40, 1]]
[[1, 10], [10, 5], [20, 2]]
[[1, 10], [10, 6], [30, 1]]
[[1, 10], [10, 7], [20, 1]]
[[1, 10], [10, 9]]
[[1, 20], [80, 1]]
[[1, 20], [40, 2]]
[[1, 20], [30, 1], [50, 1]]
[[1, 20], [20, 1], [60, 1]]
[[1, 20], [20, 1], [30, 2]]
[[1, 20], [20, 2], [40, 1]]
[[1, 20], [20, 4]]
[[1, 20], [10, 1], [70, 1]]
[[1, 20], [10, 1], [30, 1], [40, 1]]
[[1, 20], [10, 1], [20, 1], [50, 1]]
[[1, 20], [10, 1], [20, 2], [30, 1]]
[[1, 20], [10, 2], [60, 1]]
[[1, 20], [10, 2], [30, 2]]
[[1, 20], [10, 2], [20, 1], [40, 1]]
[[1, 20], [10, 2], [20, 3]]
[[1, 20], [10, 3], [50, 1]]
[[1, 20], [10, 3], [20, 1], [30, 1]]
[[1, 20], [10, 4], [40, 1]]
[[1, 20], [10, 4], [20, 2]]
[[1, 20], [10, 5], [30, 1]]
[[1, 20], [10, 6], [20, 1]]
[[1, 20], [10, 8]]
[[1, 30], [70, 1]]
[[1, 30], [30, 1], [40, 1]]
[[1, 30], [20, 1], [50, 1]]
[[1, 30], [20, 2], [30, 1]]
[[1, 30], [10, 1], [60, 1]]
[[1, 30], [10, 1], [30, 2]]
[[1, 30], [10, 1], [20, 1], [40, 1]]
[[1, 30], [10, 1], [20, 3]]
[[1, 30], [10, 2], [50, 1]]
[[1, 30], [10, 2], [20, 1], [30, 1]]
[[1, 30], [10, 3], [40, 1]]
[[1, 30], [10, 3], [20, 2]]
[[1, 30], [10, 4], [30, 1]]
[[1, 30], [10, 5], [20, 1]]
[[1, 30], [10, 7]]
[[1, 40], [60, 1]]
[[1, 40], [30, 2]]
[[1, 40], [20, 1], [40, 1]]
[[1, 40], [20, 3]]
[[1, 40], [10, 1], [50, 1]]
[[1, 40], [10, 1], [20, 1], [30, 1]]
[[1, 40], [10, 2], [40, 1]]
[[1, 40], [10, 2], [20, 2]]
[[1, 40], [10, 3], [30, 1]]
[[1, 40], [10, 4], [20, 1]]
[[1, 40], [10, 6]]
[[1, 50], [50, 1]]
[[1, 50], [20, 1], [30, 1]]
[[1, 50], [10, 1], [40, 1]]
[[1, 50], [10, 1], [20, 2]]
[[1, 50], [10, 2], [30, 1]]
[[1, 50], [10, 3], [20, 1]]
[[1, 50], [10, 5]]
[[1, 60], [40, 1]]
[[1, 60], [20, 2]]
[[1, 60], [10, 1], [30, 1]]
[[1, 60], [10, 2], [20, 1]]
[[1, 60], [10, 4]]
[[1, 70], [30, 1]]
[[1, 70], [10, 1], [20, 1]]
[[1, 70], [10, 3]]
[[1, 80], [20, 1]]
[[1, 80], [10, 2]]
[[1, 90], [10, 1]]
[[1, 100]]
